3.754132462239900825e-01 -1.364181728481393518e+00
-7.074052489021724899e-01 -5.316747349603295758e-01
-8.676532553097483502e-01 -5.586099071149444040e-01
-9.089475293324698058e-01 7.678177006970090535e-01
-2.798914909380978866e+00 8.467602031277352559e-01
-1.330031385602696625e+00 -3.714018631122974479e-01
-9.925953620887670859e-01 5.320600483157094107e-01
1.433804314390473067e+00 -2.019801259582008512e+00
-7.315338058059424053e-01 -1.056359554131350409e+00
-1.857621432224076052e+00 7.640164954400443520e-01
-6.011253617269349814e-01 -2.136627597462532613e+00
-8.342098711724083016e-01 -1.792671462903544510e+00
-6.202349351757971974e-01 -1.966134190838401796e+00
-5.712040630792399876e-01 -1.328939910975563521e+00
-1.252454534161497879e-01 -1.238311647738117749e+00
-1.838248542789785223e+00 -4.044489093526023038e-01
-5.581768983632380277e-01 -1.502613282468777234e+00
-1.182288480841936273e+00 -9.482251999643692697e-01
-1.958089712244067027e+00 -5.694182249959838238e-01
1.907038484064702555e-01 -2.122648705454051488e+00
-2.068285597863231295e+00 1.222188000320182377e+00
-1.928307059507833321e-01 -3.208887479193491821e+00
-1.124125614192292399e+00 -1.697738899998449291e+00
-1.050918905661303970e+00 -2.339621854069758200e+00
2.572298763692695278e-01 -2.622294638318101168e+00
1.170761641586199886e-01 -1.434070191860688848e+00
-1.179784541492906236e+00 -2.638629675171710876e+00
-2.147963904377950595e+00 1.753650975680858259e-01
-2.263900704515418028e+00 -1.101253335894667007e+00
-2.013690557299568917e-01 -1.256111992977857028e+00
-1.212304726399775046e+00 3.260274878791054043e-01
-4.496174307825557825e-01 -3.501320665256134612e-01
-5.129786493876336007e-01 -1.318245187954296682e+00
6.773105227379572213e-02 -1.246861674618568561e+00
-1.446652925176283855e-02 -2.490956348249246055e+00
9.781968295846561467e-01 -3.216235053174136826e+00
-3.369258098381036071e-01 -1.938313620798938430e+00
-9.472624402086294859e-01 2.082292674382040243e-01
-5.935663430439074295e-01 -1.471991739048015724e+00
-7.657677545515622075e-01 -3.886298988508046226e-01
-1.217891457335416261e+00 9.534864109663210296e-01
-1.344263502110562891e+00 1.577977581780740657e+00
-1.723878232157946666e+00 2.836818917899254888e+00
1.100119481585470460e+00 -1.075824647200762652e+00
5.218140752225095547e-01 -1.829070478091736174e+00
-1.209493705505161332e+00 -6.360725593254275001e-01
-1.605332465512439244e+00 6.184890747646818454e-01
-1.212861603997531734e+00 -3.677530847320776286e-01
3.679601731347152960e-01 -1.863218464152261333e+00
-6.319967366902132788e-01 1.299006789765357883e-01
-5.713567596556503592e-01 5.589621324296429883e-01
-2.622003830644870526e+00 6.419481973261293994e-01
-1.082143444770133245e+00 -4.235701955167059385e-01
-2.589177222687867985e+00 1.626320426431988597e-01
-2.662938803657457942e+00 3.536361038380093635e-01
4.431033807629680688e-01 -9.936027844861977654e-01
-6.374597568559290384e-01 6.619924791544335996e-01
1.700470793419388116e+00 -4.052757150366883110e+00
-2.045925480676048291e+00 1.439751520728334455e+00
-1.915975186176796186e+00 -3.122012592665905362e-01
-3.201062239838200707e+00 1.395155437695423828e+00
-1.600531761355352911e+00 -4.525725095490099603e-01
-4.891797047659176556e-01 5.264387064017155282e-01
-1.090577835928946193e+00 1.513441047476039802e+00
-4.639647939271820398e-01 -2.423545383865864711e+00
4.131699360288272338e-01 -1.850406902345113958e+00
2.973332554897718527e-01 -2.278354955154933137e+00
-4.987284499273730853e-01 -2.286544685140750488e+00
-1.351511895256439555e+00 -8.597140001605352300e-01
-9.661321896880196158e-01 1.204412134139527080e+00
-1.694373034863354111e+00 1.295826366173056021e+00
-7.219184781492287151e-01 -1.933582408197341396e+00
-1.410449467326814865e+00 1.108252925540301304e+00
-6.731898291270693724e-01 -8.577500728346364456e-01
-1.554387134593141706e+00 4.850862501951638261e-01
-1.457399838181426377e+00 1.088392406803653678e+00
-6.559431377355228188e-01 -2.145977532972947799e+00
-1.273519677050202414e+00 8.243581383275189189e-02
8.854258511155039812e-01 -3.155817542713278634e+00
-1.685416808728951166e-01 -1.789453063682625578e+00
-1.750607532225346485e+00 -1.206285830760142286e+00
-2.291130457120988506e+00 -1.196643414124106020e+00
-2.294010729202383914e+00 -9.028858869644853513e-01
-7.658857607189035743e-01 -2.024919062183300866e+00
-2.671046599759707707e+00 -7.982644489035841673e-01
-1.392435951416096884e+00 1.134278670603380279e+00
-1.415677725054892644e+00 4.309947672946327080e-01
-6.915395210732531162e-01 4.723631437065306526e-01
-2.483009000098744146e+00 4.418029577915495443e-01
-3.142068934794396640e+00 2.515580352667190933e+00
1.538648873660124483e-01 -1.749710706573309515e+00
-2.396038000419383529e+00 1.045221419472430746e-01
-2.847148575899499434e+00 2.355692316782985074e+00
-1.897622091632176655e+00 1.284493649949103311e+00
1.237209293101575458e+00 -3.299742528313646339e+00
-2.076401464551154596e+00 -1.662662913082645577e+00
-1.765280799859665350e-01 -3.079213352211894517e+00
-4.873304061451519953e-01 -2.060604792542680475e+00
-1.961447915652582807e+00 1.023372843578671754e+00
-1.289834361450059586e+00 6.848359136062938113e-01
1.046809685449548777e+00 -4.562189988707987531e-02
-8.878044232176445227e-01 3.108375468659068108e-01
2.533033131697060902e+00 9.025993484175459658e-01
-5.647788123300521157e-01 -4.581242885693777023e-01
7.851693040952418823e-01 -5.385786848956228834e-01
-2.164912483431471912e+00 2.269930335859402071e+00
1.516155192958858144e+00 1.926188443296436459e+00
1.655618680759697092e+00 2.084635478774750084e+00
-8.384417383831319626e-01 2.250437076790879898e-01
-1.133590715548088879e+00 6.979678374877733571e-01
-7.678711652012508715e-01 1.964107358678174320e+00
-1.784669086485662914e-01 4.085829410742471968e-01
-1.511259159035481137e+00 7.394760821700528952e-01
2.638718348670450187e-01 6.474199891625703751e-01
1.122681220712164141e+00 -8.253888541704261783e-01
1.243919153200635286e+00 9.593229493327790625e-01
3.118563350181236871e+00 1.932736100179088590e+00
9.848271252374863893e-01 8.461661625735489300e-01
2.973572058299180920e+00 2.813591914997756849e+00
-7.386590249401869812e-02 -8.816348655537418200e-01
3.221646297541859161e-01 1.428543025020769353e+00
2.997302378475795059e+00 3.536159149713972383e+00
-7.980639516975696068e-02 8.997092067142904437e-01
1.237403881194939714e+00 -1.841295123540396261e-01
2.969915954752465392e+00 8.653162001690154481e-01
-1.000922115327589124e+00 3.225358808198048877e-01
6.756857658781723064e-01 -7.029084304778163705e-01
-2.928190733588015293e-01 6.030661339185661163e-02
9.929949877539767655e-01 -1.095085374597053463e+00
1.999727402363410400e-02 4.951616663715515676e-01
2.085278699240728173e+00 1.127884662652791858e+00
-8.063413571242294964e-01 -3.616749026550385437e-01
-7.699046356988823447e-01 1.277498712140506587e+00
2.422265116389088480e+00 1.218305972384058578e+00
-3.513582902535323793e-01 1.324983478615112453e+00
-3.279970648705259784e+00 3.398584011051772880e-01
9.882800134240801171e-01 5.725675908983722806e-01
2.282554069970146871e-01 2.774079654468675216e+00
-5.483866529077303653e-01 2.112051963177333569e+00
-1.433194767820864746e+00 6.828482699211624318e-02
1.144773983199135703e+00 1.141935217328964969e+00
2.319281313345256113e-01 2.721096820808439176e+00
1.957037614711693019e+00 1.399024793401988820e+00
1.310772289222630338e+00 1.072815666770929433e+00
-4.712755769859235944e-01 1.400802364656624555e+00
1.663400980467449441e+00 9.371943478875364164e-01
-1.881283462484174551e-01 2.251099683258344086e-01
8.318093056090749560e-01 3.893640062869571095e-01
-1.148611238375040644e+00 4.889201569894373600e-01
8.582224311873123401e-01 2.633700792964505766e+00
4.833108994520307622e-01 4.278951768163379299e-01
1.907389415173033509e+00 1.948662383772482576e-01
9.637247632837943057e-01 3.145537827536339925e-01
1.969879839253826370e+00 1.542614496178348560e+00
-6.949423132461844954e-01 1.806843187121086158e+00
-1.620073477814236274e+00 -5.261475338226495602e-02
1.422692811200686691e+00 2.634374553973064081e+00
1.708942148078337109e+00 1.411809665837304939e+00
2.145000529431756231e+00 5.823025256677016870e-02
1.621136578371953352e+00 1.804089874927475856e+00
4.379482085588101148e-01 1.351737135084337904e+00
1.690511727345194615e+00 7.345568403000717339e-01
7.029368054992358728e-01 1.731162748273203045e+00
1.620439587992396291e+00 1.862369128995934098e+00
-1.828781032170962106e+00 4.750949703956808268e-01
-5.652578458275605566e-01 2.002774168918992626e-01
6.487369050979820972e-01 -3.314707981176956419e-01
3.439119940893092253e-01 8.848156533227659049e-01
3.168285205811721017e+00 2.041413407356762022e+00
-2.023874560256893052e+00 -2.128090505598136950e-01
1.150950526905260674e+00 8.121903876921012788e-01
8.579882333500776781e-01 1.043521148976113366e+00
7.605727177574681530e-01 2.211168815796082487e+00
2.092474336298404403e+00 1.152345925726188769e+00
1.143562040619784170e+00 1.515995065855126001e+00
1.926932353711880985e+00 2.850935455435956278e+00
1.361449910319522116e-01 1.022552533626118976e+00
7.016803808904009676e-01 9.713561081944237507e-01
-6.493048441668827220e-01 1.723952176334264008e+00
-2.609993859878433131e+00 -1.175232424182263813e+00
4.105220822522988589e-01 -2.285057127016769662e-01
1.069378657408210032e+00 1.938692235982522938e+00
3.737169711199766819e+00 1.185776769704651290e+00
1.363442880632689036e+00 1.057281683576849485e+00
2.484957487433328005e+00 1.366758305677272745e+00
-1.295061802697317521e+00 2.235001664598755600e+00
3.731506777635457128e-02 7.555932742287718717e-03
-1.252207090750030671e+00 6.792071249955100587e-01
-5.431929613633730280e-01 -5.012460614135485493e-01
-3.694085147945590508e-01 4.361529977425981919e-01
-2.002239758650066648e+00 -6.850402611166646061e-01
2.471971352034633140e-01 7.890979419168293596e-01
2.316863371533503191e+00 1.059769800551866981e+00
1.690846549167650759e+00 2.257757548170407969e+00
1.811956877775787511e+00 1.041254619513054980e+00
1.069546018970076062e+00 3.567340825481281064e-01
5.414432768585369926e-01 2.507844148473610701e+00
-1.469546999303552148e+00 9.298235974088907563e-01
3.985019205017253263e+00 1.720630941954613746e+00
4.555947824018157233e-01 5.999085768164758026e-01
-4.171898457846641151e+00 -4.447127603169358068e+00
-2.689932618159182720e+00 -3.133689220916113349e+00
5.496427638310841246e-01 3.533181212873186539e-01
-2.402197021216647688e+00 -2.861626136293868861e+00
-2.213756942197646183e+00 -1.339970979197198764e+00
-2.774907319852856880e+00 -4.623678968138428047e+00
-1.186486543929749615e+00 -9.053924216668245428e-01
-1.089071117550635792e+00 -1.463328745958901500e+00
-1.618348441146214789e+00 -1.547341569838790898e+00
-1.515269992139485211e-01 -4.836049856022384130e-01
-1.650090993570400233e+00 -1.135429965687295706e-01
-2.736999987013051694e+00 -3.096322067168655323e+00
-2.579754300537910439e+00 -1.137353689807495183e+00
-2.466630322515820595e+00 -7.421285003157680471e-01
-2.261264751229531633e+00 -3.656377221171728031e+00
-1.252929998774992004e+00 -1.341716294737810511e+00
-2.417459785926946214e+00 -1.366908330876649647e+00
-2.796722308376955013e+00 -3.071696873894304236e+00
-2.821042622517539122e+00 -1.174921972095185119e+00
-3.817983229949236890e+00 -4.076566976057449665e+00
-3.244244883384393763e+00 -2.998960824915844370e+00
-7.373700070355659886e-01 1.199395926571926285e+00
-3.294327919080992650e+00 -3.915290379865293602e+00
-3.930178061710932980e+00 -4.359718301097649018e+00
-1.384302736752905716e+00 -6.626906964134371414e-01
-1.786638782147027538e+00 -2.493247698311765959e+00
-2.428996242905591796e+00 -3.332363909968809601e+00
-1.230868574304471608e+00 -2.295339494843111616e+00
-2.877725308018558081e+00 -3.661846251216869241e+00
-2.047209301969228790e+00 -3.255288790199952764e+00
-2.050691529364510934e+00 -2.990347735204368362e+00
-2.064694677423215996e+00 -1.155059042316660012e+00
-2.150696797648673275e+00 -1.574586374087559415e+00
-2.136688782651584795e+00 -2.312036503141342347e+00
-3.002010216690683464e+00 -7.887409134469636207e-01
-2.601339477131529687e+00 -4.221920945113319057e+00
-1.049097281634722600e+00 -8.036598103980403529e-01
-6.116463688545590305e-01 -2.761175204132646499e+00
-2.254410517619586329e+00 -4.263161658874853543e+00
-2.641092918707316883e+00 -4.348253420470189923e+00
-4.013676621636765418e+00 -4.503220855223292851e+00
-3.399221382256576884e+00 -2.121771311267890425e+00
-1.988258026561163572e+00 -3.463931046157852300e+00
-3.973218370657284115e+00 -2.746243025133257465e+00
-1.858939162233022691e+00 -2.700650497255558502e+00
-2.892685515411778763e+00 -3.869104878635371669e+00
-2.608571526453468348e+00 -1.446719195261836788e+00
-2.398555410831182844e+00 -3.699536447540339168e+00
-9.791328826069161106e-01 -5.973297260857599600e-01
-2.470118908909699762e+00 -2.062754277287340621e+00
-4.187703696829638833e-01 -1.901354202304134766e+00
-1.580703828845762438e+00 -9.128834364307907290e-01
-2.897047841399645662e+00 -4.165151514313675030e+00
-3.686499506860720032e+00 -1.709183272347739369e+00
-1.613666874976192211e+00 -9.259841682475826730e-01
-2.582130876741931758e+00 -1.287729885568988930e+00
-3.163485893159907913e+00 -2.334671185841026730e+00
-2.246155943513231446e+00 -2.055311356960961344e+00
-3.652247071606270268e+00 -5.277253418256320217e+00
-1.501050147831229253e+00 -2.204018385592802609e+00
-3.510115786549479644e+00 -2.885141272039233762e+00
-1.086806493582482158e+00 -2.147567458152798370e+00
-9.867005440116520809e-01 4.173983697639367385e-01
-2.295521568810558133e+00 -3.594597235530878621e+00
-2.196650159001425351e+00 -2.498035119725015019e+00
-5.917011979306194824e-01 1.688472181457418841e-01
-6.334425427287049271e-01 -1.067082452380960778e-01
-2.305772645738598747e+00 -4.084850394908544402e+00
-2.881703045351097447e+00 -3.296983610223197303e+00
-4.647468673709583165e+00 -5.642641249642069923e+00
-3.461855580029691293e+00 -5.190100076961464914e+00
-2.220682375725451685e+00 -1.477142888798778309e+00
-2.862467255834419078e+00 -2.400205853473606599e+00
-2.982393498570754531e-01 -4.145026946006391544e-01
-2.368288415405546576e+00 -2.161626707725915253e+00
-1.521666428836864648e+00 -2.017961496099561991e+00
-2.441052226356312360e+00 -2.525767964880601291e+00
-1.944756901401519578e+00 -1.028203414802487448e+00
-1.729143035260376493e+00 -1.395659390251132059e+00
-1.341841064559460728e+00 -1.451432117873496352e+00
-2.375200423483615264e+00 2.612245372012855782e-01
-3.225077071429467424e+00 -2.867510174683405744e+00
-1.071025134878242913e-01 1.454444049802754435e+00
-2.560554517061711888e+00 -1.223766771853662894e+00
-3.015814951754375528e+00 -4.425754148563473933e+00
-1.408674655889986083e+00 -1.216049807520311887e+00
-1.856520008808595801e+00 -3.741701808547289065e+00
-3.122472338188675423e+00 -3.584348158351081004e+00
-1.571382130371944852e+00 -1.385546244792795978e+00
-4.101229350169772747e-01 4.025901000212277481e-01
-2.508271015882118427e+00 -2.641318300633606952e+00
-8.006920010786606756e-01 -2.492192950504919846e+00
-2.133178884132830078e+00 -2.144678225205395972e+00
-1.527444902917804104e+00 -6.817634421243414788e-01
-1.661881688618056518e+00 -1.126789228616753569e-01
-2.709544316369377981e+00 -3.936108833089950299e+00
-1.658261989547516801e+00 -2.516813301391478852e+00
-1.740324183334577945e+00 -2.555325182119991823e+00
-1.863587771934872794e+00 -2.032497030754579104e+00
-2.002898930068692351e+00 -4.150094685011721296e+00
