-1.342117602455643155e+00 -4.843573514783606204e-01
-2.728820359110525118e+00 1.472875951567671704e+00
-8.629886160691875308e-01 -9.590073389544935267e-01
-9.356117037950553161e-01 5.186895002680622646e-01
-1.519454447737501379e+00 6.257292492040347209e-01
-2.061547120146473233e+00 8.300615783765525890e-01
6.582486084831455919e-01 -2.708131201027454527e+00
-2.021350294276635928e+00 -9.466638816860313277e-01
-9.257951937365338502e-01 -1.291760987295170748e-01
-1.944243509968608397e-01 -2.392463108610716205e+00
-1.134422587196173726e+00 -4.639704783907213637e-01
-2.668530191796184559e-01 6.249767975590732050e-01
8.636391516441614957e-01 -3.751679874398944570e+00
2.879001557281661849e-01 -2.303486777115112183e+00
-9.623812348814735351e-01 -5.158614923778622741e-01
-1.933811178450051571e+00 8.495624367355374407e-01
-9.886476984682253111e-01 -1.234953241798168122e+00
-5.704133802715359858e-01 -1.340176622915224325e+00
-5.053499182327821915e-01 -4.939608442009184586e-01
-1.247925982503680364e-01 -3.550232117849143054e-01
9.134572715876720927e-02 9.216305853800560444e-01
-1.501892560179442171e+00 6.439794584818470113e-01
1.849156632851890247e+00 3.943690103663983315e+00
-1.113152007580059388e+00 1.936038673912412467e-01
1.628257369866179971e+00 1.257477785259056846e+00
2.107481295492059648e-01 7.365815731386844423e-01
-6.062306010144569157e-01 1.296635639785931104e+00
8.382511791807553125e-01 1.229999129395653368e+00
2.269245009364450283e+00 1.655784696741803730e+00
3.908123564898534630e-01 1.299341441264795671e+00
-7.314585579074732724e-01 -7.613615732803080682e-02
-2.795490268200147010e-01 9.474172446566400119e-01
-1.043209577989354209e+00 3.084834549835703266e-01
-2.286689669599915042e+00 -1.521446643379312569e+00
-8.692008244997209143e-01 1.449406346371300724e+00
3.453292640979177985e+00 1.957618746091383644e+00
-7.223962776470993497e-02 -3.940663596580504802e-01
3.179251767044990018e+00 1.217913895988388617e+00
1.098545939793002635e+00 1.888646154435074775e+00
1.645856548115542717e+00 2.865041865694543111e-01
