2.083441671909533888e-01 -1.237171700430208077e+00
-2.131909724896519087e-01 -1.001347344235919312e+00
-1.876399961896244140e+00 -9.490071820389106572e-02
-5.121529902242347720e-01 3.309681448824031147e-02
-1.283209839186471912e+00 1.131898768345787065e-01
9.679011714769556463e-01 -2.783100864032567845e+00
-1.919439003109520980e-01 3.041475644163732506e-01
-1.588174598183118125e+00 5.579598412766824111e-01
-1.318164570792434986e+00 2.298981191040102567e-01
-6.089930973794124291e-01 -1.302198713791406171e+00
-5.775291100560910884e-01 -4.107036691057030509e-01
4.338822783271243377e-01 -8.165418102255977972e-01
-8.857836425513166967e-01 -1.841120507830905861e+00
-9.542762049617729003e-01 -5.028164544866778884e-01
-2.194647029033550467e+00 2.063921983146935979e+00
-1.821046420366157381e+00 2.867240428982560374e-01
-7.851524382934208512e-01 -9.901735461647966918e-01
-2.342059158863252222e-02 -1.295991527219534367e+00
-1.933339440721904889e+00 -8.503943951550940739e-01
4.585712313490695191e-01 -1.968382993060140640e+00
1.295987339523408943e+00 -1.083332669605008292e-02
1.189297079633070409e-01 -1.188472419578987527e-01
4.622943946854936925e+00 2.253025903685458964e+00
1.761281517074273939e+00 -5.967280106115862015e-01
2.119737402867059473e+00 1.303616637054627603e+00
-1.371248502852803419e+00 1.523747614586165700e+00
-1.199529602363232250e+00 2.121795333062935551e+00
5.634120199585668232e-01 2.337876998796289740e+00
3.057123674988702078e+00 -2.352481071418508485e-01
2.874835569782575373e+00 2.382679911175864973e+00
1.815022482908385526e-01 -9.620946536891206158e-02
-1.559906225308835381e+00 1.936080642451036837e+00
-5.777680223756254119e-02 8.967974155459349506e-01
-5.672400620708777375e-01 1.384843123111263230e+00
1.971133167198595437e-01 5.754247055511574338e-02
3.578643311856667175e+00 2.056991758694052486e+00
6.292839777409520163e-01 2.866763240431432491e-01
1.006797064004880671e+00 1.646165753798665143e+00
-2.303112343463578959e+00 2.129778973450159318e-01
1.733364460084176661e+00 2.228995618623664798e-01
-1.848032528195341362e+00 -3.065317329283518966e+00
-1.798048389138549030e+00 -2.744175609648642489e+00
-1.619691563579214399e+00 -1.829116033841026612e+00
-1.167132501208317796e+00 6.099110078186038564e-01
-4.179388095778659107e+00 -4.017073395661023838e+00
-9.406457269891026485e-01 -1.777577858342769712e+00
-1.853440437627039028e+00 -2.042581783757229097e-01
-7.203963436782940821e-01 -1.694729471675949117e+00
-3.190010054591512212e-01 1.781293167919875131e-01
-1.306005499234475398e+00 -2.927482213534479794e+00
-2.524397079985920112e+00 -3.313757891128031652e+00
-3.572545075863995834e+00 -3.493009252153914446e+00
-2.772776926406910203e+00 -1.870575842980107151e+00
-2.497521665005962177e+00 -3.102223597920163556e+00
-1.842749025318467293e+00 -1.927008205518150774e+00
-1.842497758722107637e+00 -2.512759153583504990e+00
-1.317417308934770714e+00 -4.540251442135019300e-01
-3.076231317007565913e+00 -3.933105328891860264e+00
-2.006571640081704189e+00 -2.121635362289327364e+00
-3.156803220684430755e+00 -2.303845503215445678e+00
