-4.052124015885148367e+00 2.782696294814158477e+00
-8.411819226325856214e-01 2.712013936670945036e-01
-9.396656538407495152e-01 1.147261221245608365e+00
-1.476388855839349423e+00 -7.204638254234213557e-02
-5.503029120532586527e-01 -1.653861138471611092e+00
-2.388417176048283075e+00 -4.645306770358208492e-01
1.401943189865433315e-01 -7.596634685785551566e-01
-1.103826382780065396e+00 -1.654341861444923900e+00
-1.327025766926208661e+00 2.254048183508166936e+00
8.730831971174970452e-01 -2.657170488185887081e+00
-1.531261439344897557e+00 7.334419193469825515e-01
4.596611801445762424e-01 -1.221087157798063316e+00
-4.395227109682201316e+00 2.481014717344915965e+00
-1.122953121570124058e+00 -1.865061777215329286e+00
1.191571681007348005e+00 -2.647631235652574411e+00
-3.198161814938194958e+00 2.910535452814717594e+00
-1.857856065447898608e+00 -2.574910743406763070e-01
-9.783178485956506298e-01 -9.914637984874845600e-01
-3.997267011246595114e+00 3.479196911909022472e+00
-2.401727450183651413e+00 2.321603594176852248e+00
-1.520770002206069949e-01 -1.937812320420654322e+00
-2.368283421062487903e+00 5.520178891251346087e-01
8.490606714866411053e-02 1.001539260382021235e+00
-4.664456253885767012e-01 -1.406221674785407827e-01
-1.961033109655873741e+00 1.808305797907268531e+00
9.820328027415865524e-01 -2.498668038119413737e+00
-2.374804722401955281e+00 1.224810478179453987e+00
-3.483311336925738466e-01 -2.277293671324487345e+00
2.001797292891316360e-02 -1.074020707957599630e+00
-1.633264963743169762e+00 -1.785086895669141693e+00
-6.205826916119496772e-01 -1.350162293786643097e-01
-1.384091119257671254e+00 -1.857642772493841021e-01
-2.071000121993699317e+00 6.577061052379165051e-01
5.169869091058023614e-01 -8.083980568483415396e-01
2.340665366881762299e-01 3.482203788414439671e-02
2.423685934938748510e-01 -1.312297914591963099e+00
-1.288649070346728376e+00 -8.782097828838302256e-01
-9.249748466680111081e-01 -7.088412461586190982e-01
-1.450947781565399275e+00 2.838807862140604321e+00
-1.738554792770964808e+00 7.977803170859836257e-01
-1.122335947968669867e+00 -1.482270528845872404e+00
5.377071048205805948e-01 -2.563286763183227013e+00
3.165759975514799152e-01 -5.541277519090982429e-01
-9.335584179249721837e-01 -3.914475799807071721e-01
-1.694356807536705922e+00 6.246805084963849009e-01
-8.797917511716102368e-01 -4.936184751671016113e-01
-1.398820855237066008e+00 -1.452514952572938167e+00
1.376480558402442433e+00 -4.109044659091890317e+00
-1.067658876514509192e+00 -1.208863296146114541e+00
-2.463880053293795225e+00 9.076479656782650007e-01
-1.254212943439734218e+00 4.112710446189858926e-01
3.333662715366103590e-01 -8.800888867526246440e-02
1.311755748089327156e-02 -2.165606006985681953e-02
-1.645704574604858417e+00 5.117867660070873903e-02
-4.891029814463326852e-01 -1.253662891503366517e+00
-2.482909853540860468e+00 1.818168339114731857e+00
-1.692227286256033914e+00 1.438762111116777653e+00
-3.298019241459293927e+00 8.547904579407994419e-01
-2.067455670751898289e+00 3.522056361753163056e-01
-1.809299075569202886e+00 -4.813810550425906554e-01
5.649585142462871801e-01 -9.236478470362387005e-01
-9.496896678907175149e-01 -5.645883473400195030e-01
-2.336399008371086161e+00 -1.041844733771565057e+00
-2.027200149745752356e+00 -6.841307153867772772e-01
1.862301532197088161e-01 -1.462194746161069592e-01
-4.599834196553544974e-01 -4.929395255704802636e+00
-1.079463013808210414e+00 -8.941497440532699681e-01
-2.076626451369150139e+00 6.333952415378314438e-01
-3.241704722300798647e+00 2.518852888980230631e+00
-2.414921946967420130e+00 2.125851647513680387e+00
-1.418043571631593114e+00 -3.064392681187952383e-01
-6.621977966387926351e-01 -1.336782714504327174e+00
-1.252829141895687393e+00 -5.883635996836525939e-01
-1.577378681098618340e+00 1.395172982547427942e+00
-8.405436868968657604e-01 -1.378000520063459300e-01
-7.464113469820018443e-01 9.905213607285188182e-01
2.353428033235851480e-01 -2.058163892225499225e+00
8.017260740727722990e-01 -2.859403461685373404e+00
-1.894599820661684975e+00 8.375697346329755710e-01
-1.387683727563128189e-01 -2.017172933740631446e+00
7.749430778649895046e-01 -2.943976333027418235e+00
-1.410138636690187575e+00 9.917495549984649550e-01
-9.464116733543610493e-01 -1.583701813706116290e+00
-1.230612402524603688e+00 6.985310774206088258e-01
-1.622976397937084148e+00 -8.918011996755221826e-01
-2.693915548449488107e+00 1.906716967871804780e+00
8.712701584660043075e-02 -1.310180582025695539e+00
-1.113990878276533536e+00 1.034803105701925574e+00
-2.344635546930510017e+00 1.617483182543450138e+00
-1.286918016566538814e+00 -2.348714797912232477e-01
-7.942716048523196237e-01 9.261706149074062644e-01
3.684452677020644273e-02 -2.001619777155080548e+00
-1.553999732959597591e+00 7.683229911063844675e-01
-6.348155629314798931e-01 -6.117917528356984214e-01
-1.547328854180067825e+00 -7.182842566106740767e-01
-8.515561890904514986e-01 -1.972404269460803494e-01
-2.290774088961619714e+00 2.502700664320852475e+00
-1.705046775962310246e+00 -5.313456527939721674e-01
-2.759638126129003055e+00 -8.914219015457717221e-01
-1.553984745334024975e+00 -5.619981305345168598e-01
1.784913393482311927e-01 -1.228806811279389066e+00
7.901479752568286719e-01 3.238459882438603721e+00
3.646332266375733044e-01 3.906103635372623062e-01
6.026302154455982496e-01 1.778670986071616333e+00
8.626081739837956341e-01 3.996738095457315509e+00
8.596134864354739724e-01 1.939304550976932218e+00
6.862342372932683787e-01 1.573183397167468023e+00
-2.134312593745801845e-02 -1.791268103065199568e+00
3.109537622524558564e-01 5.416473471079283897e-01
7.319619680000708506e-01 1.224211575111833206e+00
6.685720557604335479e-01 1.984391180197980553e+00
5.532052320430824732e-01 1.672420761624735519e+00
5.483168811432727052e-01 1.227115415144351296e+00
7.237818193562938207e-01 2.649227875982766989e+00
7.774388840671513368e-01 2.200106423902425057e+00
3.784250389556927940e-01 -8.740174310810511216e-02
2.610550765095613901e-01 -7.010191529160836321e-01
1.035909530530188194e+00 2.841017503736178007e+00
6.922433924282977991e-01 2.931993391037448049e+00
1.155309637982470106e-01 -1.180968863777822619e-01
1.170596259493888791e+00 4.373293658470627676e+00
8.161019311672910170e-01 2.362531368382084551e+00
1.435273683778437448e-03 -3.519214146971068047e-01
5.512466284836381458e-01 1.563874255858928475e+00
4.243032699338610825e-01 1.273610485227203215e+00
3.919947349897420774e-01 -9.872238325032189898e-02
1.146878311746518442e+00 3.787287151385070327e+00
-2.731704784468106384e-01 -3.220315861948646052e+00
1.670940205775912069e-01 1.032106082512979084e-01
7.144845185911080643e-01 1.854395596807268731e+00
7.121970589483233027e-01 1.462937046562043930e+00
4.866804831475247117e-01 1.186712111231391198e+00
9.209663395163195654e-01 3.174631585457039940e+00
4.878780505810862422e-01 -1.055876099843691129e-01
5.679461496359822226e-02 -1.076232436798667536e+00
8.262840411905352234e-01 3.228859168211679620e+00
7.534721344428296774e-01 1.971534304456846964e+00
-9.328582314990585544e-02 -2.472651246408532622e+00
4.676604128358720081e-01 5.542481643855903251e-01
9.637150571631631912e-01 3.353498349248893895e+00
2.745657389003182680e-01 4.211757392024914060e-01
7.491310062409983761e-01 3.188326483267881706e+00
7.812772462081216673e-01 4.350759812274146654e+00
5.566108265337242900e-01 1.719540530353415253e+00
5.882590961840802324e-01 3.987753948249104230e-01
7.471808549759808571e-01 2.056537157884579692e+00
1.390314855021457241e+00 4.786999977575527865e+00
4.609804037478852923e-01 1.237973047494924650e+00
2.970467066858479832e-01 -1.409394873029010231e+00
7.412436683573366825e-01 2.647728652157019802e+00
3.382244629216976661e-01 -1.948340751137767057e-01
5.211354533557948088e-01 5.945510878264218535e-01
2.286461456817391880e-01 -9.031998002811905124e-01
5.896227633872360707e-01 1.878228075994210711e+00
8.706575756761991691e-01 1.440933732361741271e+00
9.820239211597941997e-02 -1.103742352692668405e+00
7.782783781245429244e-01 1.992167087266844439e+00
9.304232202344229208e-01 3.387748985976683613e+00
6.131542844573001361e-01 2.454585840136971342e-01
8.728405399008010157e-02 -5.034419836899619582e-01
4.241676411293299198e-01 -4.181951479372889580e-01
3.089623709413953923e-01 -9.284243590900216336e-01
5.944772268903857348e-01 1.230233136602465027e+00
3.773742736719839508e-01 4.438870946833279874e-01
5.571538380137377455e-01 1.162341026463844740e+00
3.800094271734631990e-01 1.422935606656184904e-01
-2.323978571932177051e-01 -2.901082171641407470e+00
4.984917368591355036e-01 4.040832204594136945e-01
2.679931367894151095e-01 4.575204492246769394e-01
8.052778909123819995e-02 -1.472718431985318155e+00
8.884058353724604284e-01 6.721957376205007773e-01
7.036931034413185237e-01 1.063374116418468684e+00
-5.541537583167248648e-01 -3.650367038456949764e+00
8.826035026658929361e-02 -8.287350379840769943e-01
-8.306800154158033855e-02 -2.785120261512942008e+00
5.489370111013163189e-01 1.792220563979273873e+00
-5.950985911706596632e-02 -1.771599824041047988e+00
7.043664813388625934e-01 1.455723842789688360e+00
5.934244292260837383e-01 2.745236363306676530e+00
4.107317767602937097e-01 -5.862002664442731437e-01
8.156522777244380462e-01 2.995665283232978204e+00
9.222727080715515946e-01 3.182004187681934937e+00
8.614502266100937389e-02 -1.333110435260850934e+00
5.212458527873693459e-01 1.316643285065680846e+00
6.556481914790762699e-01 2.542195371219130529e+00
5.117720136375706330e-01 2.586325718999394230e+00
5.104835902459594621e-01 9.434645917872366283e-01
6.712221061471719263e-01 2.478286023497630719e+00
3.645113246431902487e-01 9.942346819991214613e-01
6.605442017704747926e-01 1.545654956143112324e+00
3.226122588702641236e-01 1.072189435674805402e+00
-9.307455206913206602e-02 -1.767746788514958478e+00
9.632981229949152402e-01 2.751132213839879270e+00
1.108172196724982461e-01 -1.013049524077478392e+00
7.908323728620793025e-01 3.228673820315242970e+00
5.557939066076884593e-01 1.304215053450429540e+00
6.816734830938202538e-01 2.247229187951080398e+00
1.137214266927597528e+00 4.149833829358680504e+00
4.807800838525925768e-01 6.555811194327745284e-01
4.297635779547169799e-01 1.678823086553477895e+00
