1.084161539303330812e+00 -1.752181445746417099e+00
-7.954628262054459498e-01 -7.042169695020322751e-01
-2.720263563323583877e-01 1.241637524961078931e-01
-2.873352917853345900e+00 5.801839150126428812e-01
-1.443165510221822156e-01 -1.698979594952741534e+00
-7.805809413134059405e-01 -1.551085152939245759e+00
-2.862786295240138390e-01 -1.374736275531874163e+00
-9.469624257086727281e-01 8.329334340331608910e-01
-2.281793793684584237e+00 2.353218485600522047e+00
-6.395052629725677118e-01 -1.797381337567348636e+00
-2.417441322740202736e+00 -6.697013569606867778e-01
-9.658955691008380695e-01 -3.075289055569152552e-01
-9.775608201443373169e-01 1.865652359611844169e+00
-4.003458759847907666e-01 -1.639046679694768027e+00
-6.944041847556303715e-01 -7.332254532405357850e-02
-1.451968936977390712e+00 -4.174870759270609133e-01
-1.218542965192506156e-01 -2.625556329822551049e+00
-1.371155191900815584e+00 4.487432448754585801e-01
-1.540099396207886828e+00 -2.941602560753238116e-01
9.986682432242677265e-01 -2.918798055677567671e+00
-1.139319692920804483e+00 -7.963425628506651810e-01
-8.859482410658100493e-01 -9.619563469258699540e-01
-9.290937652929817103e-01 -7.192613896098978277e-01
-1.590676760188893812e+00 2.017419510916029779e-01
-1.286393389600291037e+00 -1.479400272428667451e+00
-1.621078408530537418e+00 8.200407020042441708e-01
-3.171177899580840176e+00 1.019490652796065877e+00
-9.639206008452746444e-01 -1.716319516342347806e-01
-2.011992770056317159e+00 2.346745282668979193e+00
-5.990661448200960137e-01 -1.658747247062658081e+00
-1.212137292837707658e+00 3.627807954686246283e-01
3.643712281176054724e-01 -1.927562041019648564e+00
-7.235372884312478714e-01 -5.241564143568000489e-01
-2.674004924887766199e-01 -1.214279901990951593e+00
-1.429286496794016426e+00 -1.477133999899797323e-01
-3.788707006903561769e+00 1.365016812152262116e+00
7.193181730861568646e-01 -1.900952848109029869e+00
-2.088295336104575739e+00 9.104423532516463524e-01
-7.611731563233203879e-01 -4.503853774771373053e-01
-1.160211848697153325e+00 -4.881361802486708368e-01
-1.889611570131431773e+00 -3.475575109070250246e-02
2.758847465088276607e-01 -1.310149998395137683e+00
-1.837577812491986151e+00 -1.029219647982669184e+00
2.418240604209809241e-01 -2.644609361409772763e+00
-3.170467286367633086e-01 -1.251473132336430982e+00
-8.815839734284237617e-01 -2.388137637410396863e+00
-4.508303169729884763e-01 1.864833265009653296e-01
-1.008514919811812627e+00 -5.017559127521248330e-01
-3.863758627267253054e-01 -1.981683814070470451e+00
-1.307534471396140763e+00 3.992282249353638068e-01
-8.081467626781024816e-01 -1.247826082252222246e+00
-8.916053834630102148e-01 -6.244591281696489915e-01
-9.277827485139744645e-02 -1.464517809325372344e+00
-1.448065365768229640e+00 -6.998000422729917513e-01
-5.014828015208800949e-01 -1.060767475888824141e+00
-1.065124913739391221e+00 -2.883398399712577831e-01
-1.826622892642029150e+00 9.588825617034808513e-01
-1.922021025620016310e+00 3.804749901215475072e-01
-8.577032555152575011e-01 -5.150957696585035661e-01
-8.764657671715813114e-01 6.487464570859262647e-01
-6.176382501190924579e-01 -6.576600251865238889e-01
-6.067066268836815990e-01 -9.915925097515772002e-01
-1.225012109317836551e+00 6.813601824483281888e-01
-7.297612279210886621e-01 8.495532241421239750e-01
-1.925894816450583136e+00 -4.029663972868816058e-01
-1.526487362359652211e+00 -2.854965357390356617e-01
-3.882596765731469723e-01 1.147249290887518702e+00
-1.745911702480333449e+00 6.525845672550467658e-01
1.388103257258067824e+00 -2.016740505716873688e+00
-2.042289426344533476e-01 5.298670730223487002e-02
-1.446514135231491638e+00 2.293402396652813868e-01
-2.976768092677585464e+00 1.602346746216170459e+00
-1.958478140334454443e+00 -6.400036822798478298e-01
-7.427243868608208732e-01 -1.049699923242226829e+00
1.518272417394601614e-01 -2.698329429835346183e+00
-2.388519178165704471e-02 -1.451283336863551376e+00
4.000293019802367844e-01 -1.342312699992758818e+00
-5.134651958718309261e-01 -1.312312531909826552e+00
-1.288705864179697347e+00 -9.918218464959543956e-01
-7.272750312647515702e-01 7.380859570805908820e-01
-1.262944768811461005e+00 -1.231995634054420918e+00
5.554145895730595583e-01 -1.766284152802436669e+00
-1.454120560292927244e+00 1.588652467364699561e-01
-1.125141810223502903e+00 -5.311924076798055783e-01
-1.492552110535541487e+00 2.390022427457474397e-01
-6.486549212674099785e-01 -7.122719894317186551e-02
-1.620512364346226253e+00 5.858945761498022264e-01
-2.803254592458102934e+00 1.825966107133613736e+00
-1.832060247692117727e+00 1.556804914395831130e+00
-9.301463315299731693e-01 1.260017563238633453e-01
-9.374583541854719648e-01 -7.290197957601978196e-01
-8.351899780348930324e-01 -2.144962068029491187e-01
1.104568185361642918e-01 1.819302190407075859e+00
-3.556427021894636997e-01 -2.962198342518377991e+00
-3.312011093174827447e+00 1.006821638725891477e+00
-9.674344862413626345e-01 -1.421618234446476503e+00
-2.720966114885377429e+00 -9.613120356854564230e-01
-9.428793436496971658e-01 -1.204648515079451476e+00
-1.792410439289775059e+00 9.463125571892128107e-01
-6.319679362680672430e-01 -7.955476760389212920e-03
-1.583115095591375532e+00 1.253458243604664624e+00
1.879802927040640004e+00 9.613701217126509047e-01
-9.351753735907200049e-01 1.542168882399100216e+00
-1.531026083660177228e+00 1.771813205617665865e+00
4.267181152896637464e+00 1.318796018009051441e+00
2.183298326632475472e+00 2.007218600862227476e+00
1.056544146163643560e+00 8.895790225287202313e-01
7.962734176839110223e-01 6.483947934311895533e-01
2.378838849283956058e+00 1.671635363405808539e+00
1.058035471280562634e+00 2.423213386788435564e+00
-1.218519546399178033e+00 -9.080552860399491166e-01
-7.282918826201396634e-01 1.824549246312978212e+00
2.823749236786025296e+00 1.720756632831330180e+00
1.867976208571096031e-01 -2.802145652342005189e-01
1.046601321547062646e-01 -1.824037440424490786e-01
3.949612791738264850e+00 2.153229131119826167e+00
2.437312593725201815e+00 2.280104466069737157e+00
-5.753036575526055962e-01 2.117897361155548275e+00
-5.645547963873487340e-01 2.723710395029426135e-01
5.714308186738702666e+00 2.200221931877915704e+00
3.569770010734291121e-01 5.884315160474422601e-01
1.429018801244789083e-01 4.675617222800237949e-01
3.952448351830711304e-01 2.443551500335261473e+00
1.651651478365198100e+00 4.469073724981977858e-01
1.366799371807171593e+00 1.674426509662426898e+00
1.410423998637531540e+00 1.228624643206999600e+00
4.379104194034352249e-01 1.975575250770983837e+00
1.579647919262584965e+00 -2.017773641184033018e-01
1.548421825449987521e+00 1.194270608235427078e-01
4.969532077598984299e-01 8.084056622293478434e-02
-7.358330602808558218e-01 1.660120897646710114e+00
-7.573385181471390393e-01 3.569277158228403302e-01
8.085301640249979993e-01 -1.678958254493791991e-01
1.347863814993955911e-01 -2.769523732573206942e-01
9.774542777552497341e-01 1.712234268075003785e+00
-2.540438478443605153e-01 7.965107384919417610e-01
2.212495989392899709e-01 1.655330139978874016e+00
-2.372340820736458245e+00 1.775605718763598739e+00
-2.272772485252185337e+00 -6.272242279840816170e-01
2.107749205283337091e+00 -3.824648000116783741e-01
5.475822596819941435e-01 1.525774085753897058e-01
-9.896068673106401814e-01 1.273672416552318776e+00
2.098457980579506721e+00 1.197188699705146853e+00
1.056474561516030697e+00 9.854968862919755157e-01
-1.191303429776150669e+00 -1.777929829561459840e-01
1.727801027377532384e+00 1.796347628789357387e+00
2.073363653788902194e+00 7.842536224549785384e-01
-6.271531299293160444e-01 1.199525148325957691e+00
2.246926565679896903e+00 5.743612317967624614e-01
-1.441604852059248376e+00 5.605591995721902476e-01
-1.971197076099837187e+00 2.213759020978161907e+00
-1.031287346499967894e+00 8.335115818361016338e-02
1.185131626810687289e+00 1.537923213715346460e-01
-8.677057331585174005e-01 1.525103117187668555e+00
1.839059073007758505e+00 2.878227436501836323e+00
6.838611813368100645e-01 2.852961828099553898e+00
-3.033291569454744874e+00 4.534547388653723532e-01
7.556391161944230328e-01 1.485658316588912564e+00
1.356961059146995607e+00 3.450027729838689883e+00
1.892561768666070510e+00 -8.487221971763769801e-03
2.023322882801626421e-01 1.167542846409298729e+00
1.697160772433043974e+00 4.725149024790958885e-01
-2.661072076643433704e-02 3.014283683326657304e-02
8.939518388496742185e-02 2.513923950351411030e-01
-2.085117114317109888e+00 -1.656835716414214232e+00
-5.300319925846639357e-01 1.022810369868405900e+00
2.065521857934544681e-01 5.736533630423543695e-01
-5.197754331921706772e-01 1.730139447757852444e+00
5.544987288540069725e-01 1.509092926500789522e+00
1.555493614631548560e+00 1.728490533385978134e+00
2.584938559307242034e+00 2.048347103879657460e+00
2.795415598765318421e+00 1.385288139994070189e+00
7.576761154352145144e-01 1.294521014254604641e+00
8.070407105237626944e-01 1.545968377693833551e+00
2.198295860701303006e+00 -3.707827034870097016e-01
1.967181015672737621e-01 4.191209134164647354e-01
2.058777143348097027e+00 2.508827723394937870e+00
-5.390511517708527212e-01 9.670803060816145491e-01
8.045475355535220974e-01 9.711232598804958593e-01
1.600118212909180881e+00 2.657912973042823701e+00
3.764914643834056385e+00 1.572818581419794359e+00
-8.860511356885645284e-01 2.656519591161066174e-01
-6.831205857122979452e-02 -1.024070731763981890e-01
2.688774366295990426e+00 2.160426019880169690e+00
7.892691349420541957e-01 1.228199175916264263e+00
-1.085185413607590021e+00 3.376163873847648489e-03
9.104270608074853666e-01 -7.797063255013305660e-01
-1.183443114390253958e+00 -6.159128695609599191e-01
1.957253710942532310e+00 -1.670009110185768364e-01
4.963311612776906134e-01 3.406614598850825626e-01
7.338484530921213222e-02 -4.485673369689684442e-01
4.565731265288504037e-01 2.921894445629957815e-01
1.680321566077266127e+00 1.597945383918765394e+00
2.077862353235595982e+00 1.088608866233543582e+00
1.249929042430429460e+00 5.858578451379846674e-01
-1.858434374468282080e+00 1.892975750832386339e-01
3.181551763370266683e-01 1.110032319616380825e+00
1.136318347853835786e-01 7.348937806683026874e-01
-1.303008435958990630e+00 1.669443816599569530e+00
4.691586544684200888e-01 2.869092019174015462e+00
