1.114552915884143847e-01 -1.186164211161415905e+00
6.040336287978542718e-01 -1.828951874200821059e+00
-2.331522222457259375e+00 9.704985484706667442e-01
-1.055230101412029775e+00 1.272730110358851752e+00
-2.957617237596780413e+00 4.613246642265299569e-01
-1.460731583785094045e+00 2.464375377297197467e+00
-8.393519823747821462e-01 -4.225021732781741868e-01
-2.670061944009949340e-02 -1.357399316291820535e+00
-4.303423291267169937e-01 1.646045931586826994e-01
-6.177507892294726854e-01 2.373898745124455867e-01
-9.822374934761762821e-01 1.215843599250142404e+00
2.917041909129842736e+00 -1.526316287590478549e+00
-3.099797889456578082e-01 1.007229339696997350e+00
-1.583185318400836428e+00 5.403429899240810297e-01
-1.824352272450217471e+00 1.243468937616674097e+00
-1.486594617533360196e+00 6.807043116501901858e-01
-1.489539595733230470e+00 1.095627642812876168e+00
1.862521399415342671e+00 -7.194822365044746260e-01
-3.307036210719628055e+00 1.424856122373274747e+00
1.847244984568759296e+00 -3.483487911195485065e+00
1.883980024359351635e+00 -1.254071051443018447e+00
-1.366921315792514413e+00 7.071372628872150123e-01
5.389786769648483578e-01 -9.567375168242460148e-01
-9.195470053652534670e-01 5.906823916656966933e-01
-9.921645286004980857e-01 -1.491079242228108281e-01
-4.557155834800736827e-01 5.719696305911701195e-01
-3.959857384386766377e+00 2.408770575258627478e+00
-1.545791154605022033e+00 1.412976488362575056e-01
-1.304558275971230641e+00 2.499960359952194011e+00
-1.751054529335936971e+00 2.110439719479554110e+00
2.848077748766080219e+00 -1.792721493123163867e+00
-4.268288439077003726e-01 -8.400172269260579583e-01
-1.423209582814270791e+00 9.805589738621511842e-01
-1.880483382645140811e+00 -1.838502944425934871e-02
-2.525795121364359241e-01 -1.329389294675881183e-01
-1.568207392395449151e+00 1.301282352756519600e+00
-1.140409726895201148e+00 4.653314114209444186e-01
6.069135227221491569e-01 -2.164020282501224468e-01
-1.742387266995089279e+00 1.021491346596105965e+00
-7.685814590027677529e-01 -4.335823543381904788e-01
