-2.755182007557808177e-01 -1.774189527456167870e+00
-1.558594227700940582e+00 -8.327124693971675873e-01
-7.405859860444101717e-01 -1.892293566166500351e+00
-1.728576209720578349e+00 1.177932558175889710e+00
-1.851147379030586571e+00 5.095534452979644247e-01
-2.031470531622752596e+00 6.094645901155715251e-05
-4.127229886911040202e-01 -6.959271384361458423e-01
-2.064398385618862797e+00 5.519321661990910233e-01
-2.191297979794370576e+00 -1.578928207443341725e+00
1.084734532505237325e+00 -1.884461817302418574e+00
5.365067315925591274e-01 -2.145929851143027811e+00
-1.655378055613069943e+00 1.068025083248942630e+00
-1.646657454524409481e+00 6.092124304049166827e-01
-1.275594861094333066e+00 -4.515397294770584491e-01
-1.843486614095148024e+00 6.414421059768464772e-01
-2.166156006451943838e+00 -4.325024901834113589e-01
3.868575152877271606e-01 -1.744455454256100269e-01
-1.648484047488907533e+00 -2.155132489559414388e+00
-2.009859843443359217e+00 -9.534441074648947190e-01
-3.792563364557015149e+00 1.760192808202562187e+00
-2.511502819013884391e+00 1.978155670320086656e+00
-3.648428886916650349e-01 -1.815511740424885723e+00
-3.149640367180192024e-01 -3.868375888627503256e-01
-5.985262643319853026e-01 -2.857841522145576629e-02
-1.605173623738209709e-01 -1.505416607811421059e+00
-1.580391280026394174e+00 -5.534084219913191216e-01
-1.169934525359541677e-01 8.387389325711810395e-01
3.524682776600305822e-01 1.418827653363961883e+00
1.019059785957167064e+00 2.477265290192158353e+00
6.536659414411968294e-01 3.704830255657860505e-01
6.717072669321847433e-01 9.539544020263404089e-01
1.428337034175570230e-01 1.497592245447101567e+00
-5.057971368829505820e-02 1.199146557150480907e+00
1.290463238108419119e+00 1.549762298702052288e+00
-1.548089395110614497e+00 2.513913271481502676e-01
5.521511003456690547e-01 1.115329485385476271e+00
-6.247951322797906659e-01 5.633358037183597844e-01
5.419450743435811901e-01 1.647743490578693626e+00
-1.037204873665054095e+00 1.717933513813880708e+00
7.425365554756491182e-01 1.721308609043147975e+00
3.318609421526799608e+00 1.325941964702527009e+00
2.999827284300937702e+00 1.816287036700065194e+00
-4.136256782311381386e+00 2.582484995667493344e-01
3.954847726964881849e-01 1.364628448185635445e+00
-1.792485503997603313e+00 8.770652531086930992e-02
7.387578990767533771e-01 2.001353925784012056e+00
1.438795014190751953e+00 6.045478323910800089e-01
5.778930650646426637e-01 2.680755801911365310e-01
-2.117389793005823861e-01 2.160790952572174017e+00
1.026297331865204665e+00 1.676201127566502969e+00
3.144981568710103925e+00 -2.431827035341105336e+00
2.010361231390636938e+00 -4.055773198545988834e+00
3.887557133226460238e+00 -7.266477880929387290e-01
3.242058870453511599e+00 -2.897092851951021508e+00
1.401277458395762121e+00 -2.697845806541489200e+00
2.664550569894266197e+00 -1.690427466292595327e+00
8.316570947282748705e-01 -3.509275752692358807e+00
3.617885749313332511e+00 -9.384111232317144946e-01
3.174978345247455369e+00 -8.792974623754334917e-01
3.543266787006890794e+00 6.230251057690776584e-01
3.486464457209602408e+00 -1.637870818461916400e+00
4.272249140698919589e+00 1.014390233905120287e+00
2.776663056002039109e+00 -1.287278854280143214e+00
3.897441219496524667e+00 -1.212595364111197727e+00
4.476877270816203236e+00 -1.615462747680140865e-01
2.182101631618027504e+00 -2.816355270021391188e+00
3.858333654228184084e+00 3.667199688777689204e-01
5.636566086067369419e-01 -4.597637569915628220e+00
2.785068722310210187e+00 -2.365917269704443715e+00
1.326420840941204826e+00 -2.680709143357420388e+00
2.776979642621375532e+00 -2.267177188573506808e+00
1.709840756460719646e+00 -3.333705161419868279e+00
3.512539773008254151e+00 4.199422975143569658e-01
4.091798816338918954e+00 -2.535046421834306063e+00
1.163412652043647633e+00 -4.427052376630594921e+00
5.254981862187170227e-01 -4.722202117019144829e+00
-8.602987814859619498e-01 2.286560106202251141e-01
3.481276030699443691e+00 -3.749030195842776969e+00
7.100053661330769650e-01 -8.057461373839873708e-01
2.418270637949955226e-01 -3.712712711694597267e+00
1.551741799746650274e+00 -3.619841080065171912e+00
-2.757973834328988794e+00 -2.529241653511078436e+00
2.749112465450065823e+00 -2.492037647880735562e+00
1.026330386327602984e-01 -7.470086431758782286e-01
9.642158457964453699e-01 -2.052382229332973651e+00
2.195254410291461511e+00 -1.247172456659188633e+00
4.425258438807343708e+00 -2.087131314094459178e-02
2.178334302323642557e+00 -3.906072184391569557e+00
8.708756873657224062e-01 -1.924718227577115304e+00
7.861855561933838166e-01 -2.015740960472372389e+00
3.045704625733036686e+00 -3.687185194165593316e+00
1.157196383747863155e+00 -1.473468087214739874e+00
1.217635376124998059e+00 -6.044248938632543755e-01
2.300988511669528336e+00 -6.256566768842957593e+00
1.996786300805134751e+00 -1.482869004065811902e+00
-3.124898265776134387e+00 -3.191218590783260645e+00
1.882407041689273752e+00 -9.777215199511370969e-01
-1.605083616436095983e+00 -2.639050366450400364e+00
-2.267615650947568007e+00 2.471838984020245711e+00
-7.573900216313766975e-03 -3.363651794099472347e+00
